0.32501000
0.32489000
0.32488000
0.32475000
0.32471000
0.32471000
0.32461000
0.32457000
0.32450000
0.32440000
0.32444000
0.32442000
0.32442000
0.32437000
0.32435000
0.32443000
0.32443000
0.32443000
0.32444000
0.32431000
0.32444000
0.32453000
0.32467000
0.32472000
0.32484000
0.32487000
0.32487000
0.32472000
0.32469000
0.32467000
0.32455000
0.32451000
0.32451000
0.32450000
0.32440000
0.32441000
0.32427000
0.32413000
0.32407000
0.32414000
0.32402000
0.32424000
0.32421000
0.32410000
0.32416000
0.32423000
0.32430000
0.32442000
0.32441000
0.32441000
0.32441000
0.32441000
0.32442000
0.32450000
0.32450000
0.32454000
0.32453000
0.32453000
0.32453000
0.32453000
0.32473000
0.32470000
0.32472000
0.32480000
0.32480000
0.32472000
0.32471000
0.32470000
0.32470000
0.32472000
0.32477000
0.32479000
0.32480000
0.32480000
0.32482000
0.32484000
0.32483000
0.32484000
0.32495000
0.32500000
0.32497000
0.32496000
0.32496000
0.32496000
0.32497000
0.32500000
0.32495000
0.32471000
0.32464000
0.32471000
0.32475000
0.32480000
0.32481000
0.32481000
0.32481000
0.32481000
0.32479000
0.32477000
0.32476000
0.32475000
0.32476000
0.32476000
0.32481000
0.32485000
0.32489000
0.32489000
0.32481000
0.32481000
0.32481000
0.32481000
0.32496000
0.32497000
0.32514000
0.32507000
0.32508000
0.32497000
0.32490000
0.32481000
0.32486000
0.32484000
0.32485000
0.32489000
0.32489000
0.32498000
0.32498000
0.32493000
0.32499000
0.32514000
0.32518000
0.32511000
0.32508000
0.32506000
0.32504000
0.32504000
0.32509000
0.32505000
0.32501000
0.32502000
0.32502000
0.32502000
0.32503000
0.32502000
0.32500000
0.32501000
0.32500000
0.32508000
0.32508000
0.32517000
0.32524000
0.32527000
0.32523000
0.32522000
0.32523000
0.32522000
0.32522000
0.32521000
0.32522000
0.32521000
0.32522000
0.32537000
0.32533000
0.32521000
0.32517000
0.32518000
0.32522000
0.32529000
0.32529000
0.32526000
0.32524000
0.32522000
0.32525000
0.32525000
0.32524000
0.32527000
0.32509000
0.32512000
0.32518000
0.32522000
0.32513000
0.32507000
0.32508000
0.32507000
0.32506000
0.32488000
0.32498000
0.32497000
0.32499000
0.32495000
0.32495000
0.32495000
0.32498000
0.32498000
0.32497000
0.32498000
0.32500000
0.32517000
0.32510000
0.32507000
0.32507000
0.32506000
0.32519000
0.32514000
0.32514000
0.32513000
0.32514000
0.32513000
0.32514000
0.32504000
0.32498000
0.32500000
0.32501000
0.32508000
0.32505000
0.32502000
0.32502000
0.32502000
0.32502000
0.32499000
0.32499000
0.32503000
0.32507000
0.32508000
0.32512000
0.32514000
0.32514000
0.32511000
0.32511000
0.32510000
0.32507000
0.32503000
0.32501000
0.32500000
0.32497000
0.32480000
0.32485000
0.32490000
0.32486000
0.32492000
0.32477000
0.32482000
0.32484000
0.32480000
0.32483000
0.32476000
0.32482000
0.32480000
0.32477000
0.32476000
0.32504000
0.32497000
0.32497000
0.32496000
0.32493000
0.32492000
0.32503000
0.32507000
0.32507000
0.32500000
0.32499000
0.32499000
0.32498000
0.32502000
0.32505000
0.32506000
0.32496000
0.32493000
0.32494000
0.32496000
0.32496000
0.32494000
0.32482000
0.32468000
0.32465000
0.32455000
0.32465000
0.32466000
0.32466000
0.32472000
0.32471000
0.32477000
0.32467000
0.32464000
0.32461000
0.32461000
0.32465000
0.32466000
0.32470000
0.32475000
0.32475000
0.32474000
0.32473000
0.32473000
0.32465000
0.32467000
0.32464000
0.32464000
0.32464000
0.32464000
0.32463000
0.32464000
0.32455000
0.32450000
0.32446000
0.32451000
0.32450000
0.32447000
0.32446000
0.32447000
0.32450000
0.32449000
0.32456000
0.32459000
0.32462000
0.32463000
0.32468000
0.32468000
0.32468000
0.32477000
0.32472000
0.32470000
0.32470000
0.32465000
0.32460000
0.32460000
0.32453000
0.32446000
0.32455000
0.32449000
0.32450000
0.32449000
0.32448000
0.32445000
0.32444000
0.32449000
0.32459000
0.32460000
0.32458000
0.32465000
0.32477000
0.32457000
0.32451000
0.32445000
0.32452000
0.32451000
0.32452000
0.32444000
0.32452000
0.32457000
0.32464000
0.32464000
0.32464000
0.32464000
0.32465000
0.32465000
0.32461000
0.32455000
0.32461000
0.32469000
0.32467000
0.32481000
0.32481000
0.32483000
0.32489000
0.32493000
0.32492000
0.32505000
0.32508000
0.32518000
0.32516000
0.32516000
0.32517000
0.32505000
0.32501000
0.32492000
0.32491000
0.32493000
0.32491000
0.32484000
0.32487000
0.32489000
0.32490000
0.32489000
0.32490000
0.32492000
0.32494000
0.32492000
0.32492000
0.32492000
0.32491000
0.32478000
0.32461000
0.32465000
0.32455000
0.32451000
0.32450000
0.32444000
0.32444000
0.32442000
0.32434000
0.32438000
0.32440000
0.32441000
0.32451000
0.32450000
0.32451000
0.32457000
0.32457000
0.32456000
0.32455000
0.32451000
0.32452000
0.32453000
0.32453000
0.32445000
0.32441000
0.32444000
0.32456000
0.32462000
0.32462000
0.32462000
0.32448000
0.32448000
0.32445000
0.32444000
0.32445000
0.32445000
0.32443000
0.32445000
0.32442000
0.32443000
0.32442000
0.32442000
0.32441000
0.32442000
0.32442000
0.32439000
0.32435000
0.32436000
0.32437000
0.32414000
0.32414000
0.32414000
0.32414000
0.32423000
0.32431000
0.32423000
0.32420000
0.32425000
0.32418000
0.32429000
0.32426000
0.32422000
0.32421000
0.32426000
0.32423000
0.32425000
0.32423000
0.32421000
0.32400000
0.32398000
0.32398000
0.32394000
0.32394000
0.32395000
0.32395000
0.32399000
0.32411000
0.32411000
0.32411000
0.32402000
0.32408000
0.32405000
0.32410000
0.32413000
0.32407000
0.32405000
0.32399000
0.32400000
0.32400000
0.32400000
0.32436000
0.32422000
0.32414000
0.32417000
0.32420000
0.32424000
0.32429000
0.32439000
0.32446000
0.32445000
0.32456000
0.32455000
0.32437000
0.32438000
0.32438000
0.32442000
0.32433000
0.32438000
0.32447000
0.32446000
0.32443000
0.32441000
0.32441000
0.32446000
0.32447000
0.32446000
0.32452000
0.32458000
0.32458000
0.32459000
0.32460000
0.32460000
0.32466000
0.32467000
0.32461000
0.32460000
0.32460000
0.32464000
0.32465000
0.32466000
0.32465000
0.32464000
0.32459000
0.32459000
0.32454000
0.32452000
0.32451000
0.32447000
0.32446000
0.32446000
0.32453000
0.32456000
0.32454000
0.32453000
0.32455000
0.32455000
0.32455000
0.32449000
0.32448000
0.32447000
0.32453000
0.32453000
0.32453000
0.32465000
0.32471000
0.32466000
0.32465000
0.32463000
0.32466000
0.32468000
0.32468000
0.32466000
0.32456000
0.32452000
0.32452000
0.32453000
0.32453000
0.32434000
0.32439000
0.32439000
0.32433000
0.32433000
0.32433000
0.32434000
0.32440000
0.32444000
0.32452000
0.32451000
0.32451000
0.32449000
0.32450000
0.32453000
0.32448000
0.32450000
0.32451000
0.32449000
0.32449000
0.32455000
0.32455000
0.32452000
0.32450000
0.32446000
0.32445000
0.32444000
0.32448000
0.32447000
0.32447000
0.32447000
0.32447000
0.32449000
0.32450000
0.32450000
0.32452000
0.32442000
0.32441000
0.32441000
0.32441000
0.32441000
0.32431000
0.32438000
0.32434000
0.32431000
0.32432000
0.32432000
0.32442000
0.32443000
0.32444000
0.32443000
0.32425000
0.32420000
0.32420000
0.32425000
0.32429000
0.32442000
0.32407000
0.32397000
0.32397000
0.32396000
0.32394000
0.32394000
0.32394000
0.32393000
0.32392000
0.32416000
0.32416000
0.32420000
0.32394000
0.32352000
0.32366000
0.32382000
0.32374000
0.32379000
0.32367000
0.32372000
0.32382000
0.32386000
0.32391000
0.32385000
0.32385000
0.32389000
0.32389000
0.32392000
0.32398000
0.32394000
0.32403000
0.32403000
0.32403000
0.32406000
0.32405000
0.32417000
0.32423000
0.32424000
0.32423000
0.32422000
0.32420000
0.32423000
0.32422000
0.32423000
0.32424000
0.32407000
0.32402000
0.32394000
0.32400000
0.32400000
0.32399000
0.32398000
0.32398000
0.32394000
0.32396000
0.32394000
0.32398000
0.32398000
0.32397000
0.32398000
0.32394000
0.32394000
0.32394000
0.32395000
0.32395000
0.32394000
0.32393000
0.32391000
0.32390000
0.32392000
0.32392000
0.32387000
0.32382000
0.32377000
0.32380000
0.32377000
0.32387000
0.32388000
0.32387000
0.32387000
0.32400000
0.32399000
0.32390000
0.32390000
0.32394000
0.32391000
0.32394000
0.32393000
0.32393000
0.32393000
0.32393000
0.32397000
0.32393000
0.32395000
0.32395000
0.32392000
0.32391000
0.32391000
0.32392000
0.32391000
0.32391000
0.32392000
0.32392000
0.32392000
0.32400000
0.32406000
0.32409000
0.32404000
0.32399000
0.32399000
0.32401000
0.32399000
0.32401000
0.32396000
0.32396000
0.32396000
0.32392000
0.32392000
0.32393000
0.32393000
0.32393000
0.32393000
0.32393000
0.32393000
0.32392000
0.32392000
0.32391000
0.32379000
0.32385000
0.32389000
0.32388000
0.32389000
0.32389000
0.32388000
0.32388000
0.32382000
0.32383000
0.32382000
0.32380000
0.32380000
0.32376000
0.32376000
0.32376000
0.32376000
0.32376000
0.32374000
0.32374000
0.32374000
0.32380000
0.32379000
0.32379000
0.32365000
0.32363000
0.32367000
0.32363000
0.32359000
0.32359000
0.32364000
0.32365000
0.32365000
0.32360000
0.32360000
0.32360000
0.32359000
0.32354000
0.32352000
0.32351000
0.32351000
0.32352000
0.32373000
0.32368000
0.32372000
0.32386000
0.32393000
0.32388000
0.32394000
0.32416000
0.32416000
0.32417000
0.32401000
0.32403000
0.32403000
0.32403000
0.32400000
0.32400000
0.32400000
0.32402000
0.32398000
0.32397000
0.32395000
0.32399000
0.32403000
0.32393000
0.32381000
0.32374000
0.32372000
0.32364000
0.32357000
0.32358000
0.32357000
0.32352000
0.32352000
0.32352000
0.32354000
0.32356000
0.32360000
0.32360000
0.32358000
0.32355000
0.32356000
0.32356000
0.32357000
0.32352000
0.32348000
0.32347000
0.32347000
0.32347000
0.32363000
0.32365000
0.32369000
0.32375000
0.32377000
0.32376000
0.32382000
0.32380000
0.32387000
0.32388000
0.32388000
0.32390000
0.32389000
0.32390000
0.32389000
0.32389000
0.32389000
0.32389000
0.32389000
0.32389000
0.32388000
0.32388000
0.32368000
0.32368000
0.32365000
0.32366000
0.32361000
0.32366000
0.32365000
0.32375000
0.32374000
0.32377000
0.32389000
0.32394000
0.32391000
0.32391000
0.32381000
0.32381000
0.32380000
0.32380000
0.32390000
0.32392000
0.32393000
0.32389000
0.32391000
0.32390000
0.32393000
0.32401000
0.32405000
0.32403000
0.32404000
0.32401000
0.32402000
0.32408000
0.32407000
0.32408000
0.32407000
0.32407000
0.32408000
0.32407000
0.32406000
0.32406000
0.32407000
0.32408000
0.32410000
0.32409000
0.32409000
0.32410000
0.32410000
0.32409000
0.32420000
0.32420000
0.32419000
0.32420000
0.32420000
0.32420000
0.32420000
0.32417000
0.32420000
0.32420000
0.32420000
0.32421000
0.32412000
0.32413000
0.32407000
0.32407000
0.32409000
0.32409000
0.32405000
0.32402000
0.32402000
0.32400000
0.32400000
0.32399000
0.32400000
0.32420000
0.32425000
0.32438000
0.32436000
0.32430000
0.32429000
0.32431000
0.32431000
0.32427000
0.32464000
0.32490000
0.32493000
0.32491000
0.32471000
0.32466000
0.32493000
0.32499000
0.32519000
0.32511000
0.32508000
0.32497000
0.32508000
0.32512000
0.32519000
0.32526000
0.32541000
0.32556000
0.32539000
0.32543000
0.32526000
0.32513000
0.32516000
0.32503000
0.32505000
0.32508000
0.32500000
0.32501000
0.32499000
0.32484000
0.32484000
0.32483000
0.32498000
0.32490000
0.32476000
0.32480000
0.32484000
0.32477000
0.32477000
0.32482000
0.32483000
0.32497000
0.32499000
0.32501000
0.32504000
0.32508000
0.32505000
0.32510000
0.32508000
0.32515000
0.32505000
0.32512000
0.32513000
0.32512000
0.32488000
0.32492000
0.32489000
0.32480000
0.32477000
0.32463000
0.32483000
0.32494000
0.32494000
0.32499000
0.32496000
0.32503000
0.32481000
0.32489000
0.32487000
0.32487000
0.32487000
0.32497000
0.32497000
0.32504000
0.32508000
0.32507000
0.32507000
0.32507000
0.32502000
0.32506000
0.32491000
0.32483000
0.32470000
0.32469000
0.32459000
0.32474000
0.32473000
0.32473000
0.32469000
0.32472000
0.32468000
0.32476000
0.32472000
0.32462000
0.32456000
0.32460000
0.32451000
0.32461000
0.32462000
0.32451000
0.32461000
0.32456000
0.32455000
0.32455000
0.32461000
0.32445000
0.32444000
0.32444000
0.32451000
0.32464000
0.32460000
0.32466000
0.32467000
0.32471000
0.32470000
0.32473000
0.32477000
0.32467000
0.32464000
0.32465000
0.32464000
0.32465000
0.32465000
0.32473000
0.32477000
0.32481000
0.32481000
0.32482000
0.32474000
0.32487000
0.32471000
0.32473000
0.32475000
0.32480000
0.32488000
0.32485000
0.32476000
0.32477000
0.32483000
0.32482000
0.32480000
0.32478000
0.32495000
0.32488000
0.32491000
0.32490000
0.32490000
0.32490000
0.32493000
0.32497000
0.32486000
0.32486000
0.32485000
0.32481000
0.32481000
0.32479000
0.32478000
0.32477000
0.32473000
0.32483000
0.32481000
0.32491000
0.32490000
0.32489000
0.32487000
0.32487000
0.32488000
0.32497000
0.32487000
0.32491000
0.32493000
0.32495000
0.32491000
0.32495000
0.32496000
0.32506000
0.32496000
0.32495000
0.32492000
0.32493000
0.32496000
0.32505000
0.32502000
0.32504000
0.32497000
0.32483000
0.32483000
0.32485000
0.32495000
0.32493000
0.32490000
0.32506000
0.32507000
0.32511000
0.32511000
0.32507000
0.32490000
0.32487000
0.32487000
0.32483000
0.32486000
0.32476000
0.32476000
0.32471000
0.32466000
0.32466000
0.32465000
0.32465000
0.32466000
0.32466000
0.32466000
0.32465000
0.32450000
0.32448000
0.32450000
0.32451000
0.32451000
0.32464000
0.32465000
0.32463000
0.32462000
0.32458000
0.32456000
0.32453000
0.32453000
0.32454000
0.32458000
0.32457000
0.32450000
0.32451000
0.32451000
0.32450000
0.32441000
0.32440000
0.32441000
0.32436000
0.32440000
0.32436000
0.32433000
0.32433000
0.32433000
0.32433000
0.32446000
0.32447000
0.32445000
0.32446000
0.32460000
0.32462000
0.32461000
0.32458000
0.32458000
0.32460000
0.32454000
0.32455000
0.32457000
0.32456000
0.32461000
0.32440000
0.32447000
0.32447000
0.32443000
0.32446000
0.32445000
0.32445000
0.32444000
0.32442000
0.32442000
0.32453000
0.32468000
0.32465000
0.32464000
0.32465000
0.32465000
0.32461000
0.32464000
0.32460000
0.32458000
0.32465000
0.32468000
0.32467000
0.32469000
0.32474000
0.32459000
0.32455000
0.32455000
0.32453000
0.32443000
0.32448000
0.32444000
0.32447000
0.32447000
0.32447000
0.32469000
0.32461000
0.32463000
0.32466000
0.32472000
0.32459000
0.32459000
0.32459000
0.32466000
0.32459000
0.32489000
0.32476000
0.32485000
0.32485000
0.32480000
0.32485000
0.32485000
0.32473000
0.32470000
0.32472000
0.32470000
0.32472000
0.32488000
0.32488000
0.32493000
0.32497000
0.32496000
0.32492000
0.32491000
0.32490000
0.32495000
0.32503000
0.32515000
0.32508000
0.32503000
0.32504000
0.32500000
0.32498000
0.32496000
0.32505000
0.32497000
0.32505000
0.32504000
0.32501000
0.32504000
0.32508000
0.32505000
0.32509000
0.32495000
0.32499000
0.32491000
0.32494000
0.32494000
0.32494000
0.32496000
0.32496000
0.32492000
0.32492000
0.32513000
0.32512000
0.32503000
0.32503000
0.32506000
0.32502000
0.32502000
0.32501000
0.32503000
0.32507000
0.32506000
0.32505000
0.32496000
0.32498000
0.32491000
0.32488000
0.32496000
0.32487000
0.32487000
0.32481000
0.32480000
0.32476000
0.32467000
0.32468000
0.32469000
0.32472000
0.32468000
0.32468000
0.32460000
0.32474000
0.32474000
0.32474000
0.32462000
0.32464000
0.32463000
0.32471000
0.32469000
0.32480000
0.32479000
0.32479000
0.32480000
0.32484000
0.32482000
0.32486000
0.32488000
0.32486000
0.32485000
0.32480000
0.32477000
0.32477000
0.32496000
0.32495000
0.32486000
0.32478000
0.32462000
0.32466000
0.32466000
0.32462000
0.32460000
0.32471000
0.32473000
0.32468000
0.32471000
0.32469000
0.32471000
0.32473000
0.32475000
0.32490000
0.32495000
0.32486000
0.32486000
0.32470000
0.32469000
0.32472000
0.32472000
0.32472000
0.32479000
0.32483000
0.32488000
0.32492000
0.32492000
0.32487000
0.32487000
0.32486000
0.32482000
0.32485000
0.32485000
0.32499000
0.32507000
0.32498000
0.32494000
0.32494000
0.32495000
0.32496000
0.32495000
0.32489000
0.32488000
0.32487000
0.32488000
0.32488000
0.32489000
0.32491000
0.32496000
0.32498000
0.32498000
0.32498000
0.32498000
0.32499000
0.32491000
0.32491000
0.32496000
0.32497000
0.32496000
0.32497000
0.32497000
0.32486000
0.32490000
0.32488000
0.32488000
0.32490000
0.32495000
0.32501000
0.32495000
0.32495000
0.32494000
0.32487000
0.32487000
0.32483000
0.32487000
0.32499000
0.32507000
0.32511000
0.32507000
0.32501000
0.32489000
0.32488000
0.32488000
0.32488000
0.32486000
0.32480000
0.32480000
0.32478000
0.32477000
0.32477000
0.32482000
0.32485000
0.32481000
0.32481000
0.32480000
0.32477000
0.32479000
0.32478000
0.32478000
0.32477000
0.32474000
0.32468000
0.32461000
0.32461000
0.32462000
0.32462000
0.32462000
0.32470000
0.32473000
0.32473000
0.32472000
0.32472000
0.32446000
0.32453000
0.32450000
0.32449000
0.32449000
0.32447000
0.32447000
0.32458000
0.32459000
0.32465000
0.32464000
0.32465000
0.32465000
0.32463000
0.32455000
0.32459000
0.32459000
0.32458000
0.32458000
0.32458000
0.32459000
0.32459000
0.32458000
0.32459000
0.32458000
0.32455000
0.32455000
0.32454000
0.32454000
0.32455000
0.32456000
0.32454000
0.32450000
0.32449000
0.32449000
0.32449000
0.32451000
0.32451000
0.32449000
0.32454000
0.32455000
0.32458000
0.32451000
0.32449000
0.32445000
0.32449000
0.32453000
0.32465000
0.32464000
0.32465000
0.32464000
0.32465000
0.32466000
0.32465000
0.32457000
0.32457000
0.32454000
0.32460000
0.32454000
0.32457000
0.32457000
0.32455000
0.32449000
0.32451000
0.32451000
0.32448000
0.32447000
0.32446000
0.32446000
0.32447000
0.32426000
0.32432000
0.32437000
0.32430000
0.32426000
0.32423000
0.32436000
0.32437000
0.32438000
0.32438000
0.32436000
0.32437000
0.32436000
0.32435000
0.32434000
0.32433000
0.32439000
0.32439000
0.32454000
0.32454000
0.32448000
0.32451000
0.32454000
0.32454000
0.32453000
0.32452000
0.32454000
0.32465000
0.32465000
0.32466000
0.32465000
0.32463000
0.32464000
0.32458000
0.32457000
0.32457000
0.32454000
0.32458000
0.32462000
0.32464000
0.32467000
0.32470000
0.32470000
0.32469000
0.32468000
0.32464000
0.32464000
0.32470000
0.32472000
0.32471000
0.32466000
0.32465000
0.32465000
0.32458000
0.32456000
0.32457000
0.32443000
0.32449000
0.32454000
0.32454000
0.32455000
0.32451000
0.32451000
0.32451000
0.32452000
0.32452000
0.32454000
0.32456000
0.32453000
0.32456000
0.32456000
0.32457000
0.32455000
0.32456000
0.32456000
0.32452000
0.32453000
0.32454000
0.32471000
0.32467000
0.32468000
0.32471000
0.32472000
0.32494000
0.32496000
0.32490000
0.32490000
0.32496000
0.32491000
0.32482000
0.32482000
0.32481000
0.32488000
0.32498000
0.32498000
0.32494000
0.32490000
0.32481000
0.32475000
0.32474000
0.32475000
0.32475000
0.32475000
0.32475000
0.32473000
0.32473000
0.32474000
0.32472000
0.32476000
0.32475000
0.32475000
0.32476000
0.32476000
0.32475000
0.32475000
0.32476000
0.32473000
0.32467000
0.32467000
0.32464000
0.32459000
0.32456000
0.32451000
0.32448000
0.32447000
0.32449000
0.32449000
0.32450000
0.32449000
0.32448000
0.32446000
0.32449000
0.32457000
0.32455000
0.32455000
0.32455000
0.32455000
0.32455000
0.32458000
0.32462000
0.32463000
0.32458000
0.32457000
0.32457000
0.32457000
0.32451000
0.32450000
0.32449000
0.32448000
0.32454000
0.32455000
0.32458000
0.32456000
0.32462000
0.32465000
0.32461000
0.32461000
0.32463000
0.32463000
0.32461000
0.32461000
0.32471000
0.32471000
0.32471000
0.32471000
0.32471000
0.32471000
0.32469000
0.32471000
0.32484000
0.32482000
0.32483000
0.32492000
0.32487000
0.32487000
0.32486000
0.32488000
0.32486000
0.32485000
0.32482000
0.32480000
0.32479000
0.32478000
0.32478000
0.32478000
0.32477000
0.32477000
0.32478000
0.32478000
0.32483000
0.32482000
0.32494000
0.32491000
0.32492000
0.32492000
0.32494000
0.32506000
0.32506000
0.32503000
0.32506000
0.32509000
0.32518000
0.32526000
0.32521000
0.32523000
0.32518000
0.32526000
0.32523000
0.32524000
0.32527000
0.32525000
0.32526000
0.32524000
0.32523000
0.32518000
0.32511000
0.32509000
0.32507000
0.32511000
0.32511000
0.32511000
0.32512000
0.32508000
0.32507000
0.32504000
0.32503000
0.32504000
0.32503000
0.32504000
0.32501000
0.32503000
0.32503000
0.32501000
0.32498000
0.32497000
0.32497000
0.32495000
0.32494000
0.32494000
0.32489000
0.32501000
0.32501000
0.32498000
0.32497000
0.32498000
0.32498000
0.32491000
0.32486000
0.32481000
0.32486000
0.32485000
0.32485000
0.32485000
0.32486000
0.32486000
0.32489000
0.32491000
0.32489000
0.32490000
0.32493000
0.32493000
0.32493000
0.32492000
0.32491000
0.32492000
0.32509000
0.32497000
0.32493000
0.32493000
0.32493000
0.32492000
0.32495000
0.32493000
0.32495000
0.32495000
0.32495000
0.32495000
0.32497000
0.32499000
0.32498000
0.32508000
0.32508000
0.32513000
0.32510000
0.32510000
0.32510000
0.32511000
0.32511000
0.32510000
0.32511000
0.32511000
0.32512000
0.32515000
0.32519000
0.32525000
0.32522000
0.32524000
0.32528000
0.32538000
0.32540000
0.32538000
0.32539000
0.32540000
0.32535000
0.32536000
0.32536000
0.32533000
0.32534000
0.32518000
0.32512000
0.32515000
0.32518000
0.32514000
0.32515000
0.32515000
0.32515000
0.32523000
0.32523000
0.32523000
0.32523000
0.32522000
0.32522000
0.32527000
0.32525000
0.32522000
0.32524000
0.32533000
0.32535000
0.32539000
0.32539000
0.32541000
0.32540000
0.32535000
0.32531000
0.32519000
0.32520000
0.32519000
0.32525000
0.32515000
0.32524000
0.32527000
0.32527000
0.32531000
0.32531000
0.32527000
0.32519000
0.32532000
0.32541000
0.32546000
0.32542000
0.32532000
0.32544000
0.32543000
0.32542000
0.32550000
0.32542000
0.32542000
0.32537000
0.32534000
0.32531000
0.32532000
0.32533000
0.32545000
0.32552000
0.32559000
0.32567000
0.32567000
0.32570000
0.32566000
0.32561000
0.32552000
0.32543000
0.32542000
0.32544000
0.32548000
0.32550000
0.32543000
0.32543000
0.32546000
0.32551000
0.32554000
0.32554000
0.32548000
0.32548000
0.32550000
0.32550000
0.32550000
0.32550000
0.32550000
0.32550000
0.32558000
0.32568000
0.32564000
0.32573000
0.32573000
0.32584000
0.32584000
0.32588000
0.32585000
0.32585000
0.32587000
0.32590000
0.32592000
0.32593000
0.32592000
0.32592000
0.32584000
0.32585000
0.32586000
0.32587000
0.32587000
0.32586000
0.32585000
0.32586000
0.32587000
0.32586000
0.32587000
0.32588000
0.32588000
0.32575000
0.32584000
0.32574000
0.32574000
0.32573000
0.32575000
0.32556000
0.32559000
0.32555000
0.32544000
0.32544000
0.32538000
0.32537000
0.32535000
0.32559000
0.32555000
0.32548000
0.32549000
0.32548000
0.32549000
0.32529000
0.32554000
0.32551000
0.32546000
0.32552000
0.32553000
0.32545000
0.32542000
0.32534000
0.32533000
0.32540000
0.32540000
0.32544000
0.32537000
0.32535000
0.32534000
0.32531000
0.32530000
0.32523000
0.32526000
0.32523000
0.32524000
0.32530000
0.32534000
0.32535000
0.32530000
0.32530000
0.32534000
0.32535000
0.32534000
0.32535000
0.32535000
0.32550000
0.32550000
0.32551000
0.32551000
0.32543000
0.32542000
0.32542000
0.32530000
0.32529000
0.32529000
0.32528000
0.32524000
0.32524000
0.32520000
0.32520000
0.32518000
0.32517000
0.32515000
0.32517000
0.32521000
0.32527000
0.32526000
0.32533000
0.32542000
0.32542000
0.32542000
0.32543000
0.32550000
0.32550000
0.32551000
0.32542000
0.32542000
0.32548000
0.32541000
0.32541000
0.32545000
0.32547000
0.32553000
0.32549000
0.32551000
0.32548000
0.32548000
0.32548000
0.32548000
0.32550000
0.32547000
0.32544000
0.32544000
0.32544000
0.32543000
0.32519000
0.32521000
0.32519000
0.32508000
0.32500000
0.32504000
0.32501000
0.32512000
0.32516000
0.32526000
0.32523000
0.32535000
0.32534000
0.32527000
0.32547000
0.32557000
0.32554000
0.32557000
0.32562000
0.32565000
0.32582000
0.32582000
0.32575000
0.32573000
0.32578000
0.32577000
0.32574000
0.32574000
0.32574000
0.32566000
0.32567000
0.32565000
0.32558000
0.32554000
0.32555000
0.32553000
0.32554000
0.32556000
0.32553000
0.32554000
0.32559000
0.32557000
0.32568000
0.32568000
0.32568000
0.32563000
0.32562000
0.32562000
0.32562000
0.32561000
0.32562000
0.32560000
0.32560000
0.32559000
0.32560000
0.32562000
0.32573000
0.32567000
0.32572000
0.32563000
0.32559000
0.32557000
0.32564000
0.32563000
0.32563000
0.32563000
0.32565000
0.32568000
0.32569000
0.32568000
0.32567000
0.32567000
0.32554000
0.32554000
0.32553000
0.32553000
0.32552000
0.32552000
0.32563000
0.32554000
0.32552000
0.32556000
0.32555000
0.32549000
0.32549000
0.32569000
0.32575000
0.32575000
0.32565000
0.32568000
0.32568000
0.32559000
0.32555000
0.32556000
0.32552000
0.32551000
0.32555000
0.32555000
0.32555000
0.32553000
0.32549000
0.32548000
0.32548000
0.32547000
0.32547000
0.32553000
0.32553000
0.32552000
0.32551000
0.32552000
0.32553000
0.32550000
0.32549000
0.32549000
0.32552000
0.32556000
0.32557000
0.32554000
0.32554000
0.32553000
0.32554000
0.32557000
0.32557000
0.32556000
0.32557000
0.32558000
0.32557000
0.32557000
0.32563000
0.32567000
0.32567000
0.32566000
0.32559000
0.32565000
0.32565000
0.32566000
0.32566000
0.32565000
0.32566000
0.32570000
0.32577000
0.32577000
0.32578000
0.32581000
0.32582000
0.32580000
0.32580000
0.32582000
0.32588000
0.32586000
0.32588000
0.32586000
0.32590000
0.32590000
0.32581000
0.32580000
0.32582000
0.32589000
0.32589000
0.32587000
0.32593000
0.32595000
0.32613000
0.32611000
0.32607000
0.32618000
0.32619000
0.32619000
0.32627000
0.32628000
0.32622000
0.32618000
0.32622000
0.32621000
0.32611000
0.32618000
0.32618000
0.32619000
0.32619000
0.32623000
0.32620000
0.32618000
0.32624000
0.32632000
0.32629000
0.32631000
0.32623000
0.32619000
0.32618000
0.32616000
0.32618000
0.32617000
0.32624000
0.32623000
0.32621000
0.32612000
0.32611000
0.32608000
0.32605000
0.32607000
0.32605000
0.32602000
0.32607000
0.32608000
0.32605000
0.32606000
0.32606000
0.32605000
0.32606000
0.32605000
0.32605000
0.32600000
0.32600000
0.32600000
0.32601000
0.32600000
0.32592000
0.32593000
0.32592000
0.32593000
0.32593000
0.32592000
0.32593000
0.32592000
0.32583000
0.32584000
0.32579000
0.32560000
0.32574000
0.32575000
0.32581000
0.32579000
0.32575000
0.32575000
0.32560000
0.32577000
0.32585000
0.32574000
0.32576000
0.32575000
0.32575000
0.32565000
0.32566000
0.32567000
0.32563000
0.32562000
0.32561000
0.32562000
0.32560000
0.32558000
0.32557000
0.32554000
0.32550000
0.32563000
0.32547000
0.32547000
0.32546000
0.32545000
0.32543000
0.32545000
0.32543000
0.32552000
0.32553000
0.32552000
0.32558000
0.32561000
0.32562000
0.32562000
0.32553000
0.32553000
0.32553000
0.32553000
0.32553000
0.32554000
0.32553000
0.32555000
0.32558000
0.32558000
0.32556000
0.32556000
0.32545000
0.32538000
0.32541000
0.32541000
0.32539000
0.32530000
0.32529000
0.32530000
0.32518000
0.32526000
0.32531000
0.32528000
0.32531000
0.32530000
0.32532000
0.32538000
0.32538000
0.32535000
0.32550000
0.32546000
0.32538000
0.32538000
0.32538000
0.32531000
0.32531000
0.32523000
0.32515000
0.32516000
0.32510000
0.32510000
0.32513000
0.32514000
0.32513000
0.32512000
0.32512000
0.32512000
0.32509000
0.32511000
0.32512000
0.32512000
0.32510000
0.32510000
0.32508000
0.32513000
0.32514000
0.32513000
0.32513000
0.32511000
0.32500000
0.32508000
0.32509000
0.32504000
0.32513000
0.32520000
0.32526000
0.32524000
0.32518000
0.32510000
0.32511000
0.32498000
0.32496000
0.32501000
0.32500000
0.32503000
0.32522000
0.32510000
0.32510000
0.32506000
0.32500000
0.32493000
0.32493000
0.32491000
0.32490000
0.32490000
0.32490000
0.32490000
0.32490000
0.32489000
0.32489000
0.32497000
0.32487000
0.32486000
0.32485000
0.32484000
0.32484000
0.32490000
0.32495000
0.32488000
0.32492000
0.32491000
0.32488000
0.32491000
0.32491000
0.32492000
0.32504000
0.32507000
0.32508000
0.32507000
0.32505000
0.32508000
0.32509000
0.32508000
0.32512000
0.32512000
0.32505000
0.32497000
0.32504000
0.32504000
0.32503000
0.32504000
0.32507000
0.32504000
0.32506000
0.32506000
0.32512000
0.32518000
0.32518000
0.32518000
0.32518000
0.32519000
0.32519000
0.32525000
0.32519000
0.32520000
0.32512000
0.32515000
0.32508000
0.32531000
0.32531000
0.32532000
0.32531000
0.32531000
0.32508000
0.32514000
0.32523000
0.32536000
0.32534000
0.32534000
0.32533000
0.32528000
0.32528000
0.32534000
0.32533000
0.32533000
0.32530000
0.32528000
0.32520000
0.32520000
0.32520000
0.32520000
0.32517000
0.32516000
0.32516000
0.32515000
0.32513000
0.32512000
0.32510000
0.32510000
0.32528000
0.32524000
0.32520000
0.32519000
0.32519000
0.32520000
0.32521000
0.32520000
0.32520000
0.32515000
0.32515000
0.32509000
0.32509000
0.32508000
0.32501000
0.32504000
0.32508000
0.32511000
0.32508000
0.32508000
0.32510000
0.32519000
0.32518000
0.32517000
0.32520000
0.32524000
0.32515000
0.32515000
0.32514000
0.32514000
0.32511000
0.32508000
0.32504000
0.32502000
0.32503000
0.32502000
0.32514000
0.32535000
0.32533000
0.32502000
0.32510000
0.32509000
0.32509000
0.32509000
0.32509000
0.32508000
0.32508000
0.32508000
0.32504000
0.32508000
0.32507000
0.32507000
0.32509000
0.32509000
0.32509000
0.32509000
0.32508000
0.32507000
0.32530000
0.32521000
0.32521000
0.32520000
0.32518000
0.32518000
0.32518000
0.32529000
0.32532000
0.32532000
0.32532000
0.32534000
0.32531000
0.32531000
0.32531000
0.32541000
0.32547000
0.32535000
0.32504000
0.32535000
0.32537000
0.32538000
0.32537000
0.32537000
0.32537000
0.32538000
0.32537000
0.32531000
0.32535000
0.32533000
0.32544000
0.32541000
0.32556000
0.32556000
0.32556000
0.32556000
0.32556000
0.32556000
0.32556000
0.32557000
0.32562000
0.32561000
0.32561000
0.32562000
0.32561000
0.32562000
0.32567000
0.32569000
0.32567000
0.32572000
0.32577000
0.32574000
0.32574000
0.32570000
0.32569000
0.32572000
0.32571000
0.32572000
0.32575000
0.32571000
0.32579000
0.32578000
0.32578000
0.32575000
0.32575000
0.32578000
0.32578000
0.32580000
0.32579000
0.32580000
0.32579000
0.32584000
0.32588000
0.32589000
0.32589000
0.32579000
0.32582000
0.32577000
0.32581000
0.32582000
0.32580000
0.32580000
0.32575000
0.32576000
0.32571000
0.32569000
0.32555000
0.32553000
0.32541000
0.32533000
0.32533000
0.32533000
0.32525000
0.32525000
0.32513000
0.32512000
0.32507000
0.32461000
0.32482000
0.32448000
0.32445000
0.32437000
0.32449000
0.32474000
0.32478000
0.32455000
0.32451000
0.32451000
0.32451000
0.32452000
0.32446000
0.32433000
0.32450000
0.32443000
0.32433000
0.32423000
0.32414000
0.32416000
0.32413000
0.32406000
0.32406000
0.32435000
0.32434000
0.32415000
0.32411000
0.32421000
0.32426000
0.32422000
0.32434000
0.32449000
0.32448000
0.32448000
0.32439000
0.32434000
0.32442000
0.32434000
0.32442000
0.32445000
0.32422000
0.32392000
0.32404000
0.32409000
0.32401000
0.32411000
0.32399000
0.32391000
0.32391000
0.32402000
0.32391000
0.32388000
0.32386000
0.32383000
0.32396000
0.32408000
0.32421000
0.32431000
0.32440000
0.32422000
0.32431000
0.32440000
0.32435000
0.32434000
0.32435000
0.32448000
0.32445000
0.32439000
0.32435000
0.32438000
0.32437000
0.32431000
0.32431000
0.32431000
0.32431000
0.32418000
0.32413000
0.32418000
0.32422000
0.32426000
0.32431000
0.32427000
0.32442000
0.32441000
0.32442000
0.32444000
0.32449000
0.32447000
0.32445000
0.32445000
0.32450000
0.32442000
0.32450000
0.32460000
0.32456000
0.32449000
0.32449000
0.32445000
0.32446000
0.32432000
0.32431000
0.32419000
0.32419000
0.32418000
0.32425000
0.32426000
0.32425000
0.32420000
0.32416000
0.32415000
0.32418000
0.32417000
0.32419000
0.32422000
0.32412000
0.32403000
0.32395000
0.32398000
0.32398000
0.32398000
0.32399000
0.32398000
0.32398000
0.32400000
0.32398000
0.32400000
0.32402000
0.32401000
0.32416000
0.32418000
0.32420000
0.32422000
0.32431000
0.32430000
0.32430000
0.32431000
0.32432000
0.32431000
0.32431000
0.32432000
0.32439000
0.32440000
0.32441000
0.32442000
0.32441000
0.32441000
0.32432000
0.32433000
0.32423000
0.32404000
0.32409000
0.32412000
0.32427000
0.32429000
0.32429000
0.32434000
0.32433000
0.32434000
0.32433000
0.32432000
0.32431000
0.32432000
0.32431000
0.32429000
0.32430000
0.32444000
0.32437000
0.32449000
0.32440000
0.32432000
0.32437000
0.32437000
0.32438000
0.32435000
0.32441000
0.32441000
0.32441000
0.32441000
0.32438000
0.32435000
0.32439000
0.32438000
0.32435000
0.32432000
0.32434000
0.32431000
0.32431000
0.32431000
0.32430000
0.32431000
0.32426000
0.32425000
0.32423000
0.32425000
0.32431000
0.32428000
0.32433000
0.32430000
0.32430000
0.32430000
0.32439000
0.32436000
0.32445000
0.32444000
0.32437000
0.32439000
0.32438000
0.32432000
0.32433000
0.32433000
0.32432000
0.32433000
0.32437000
0.32437000
0.32439000
0.32440000
0.32451000
0.32447000
0.32449000
0.32454000
0.32455000
0.32457000
0.32449000
0.32445000
0.32431000
0.32430000
0.32426000
0.32428000
0.32429000
0.32429000
0.32429000
0.32430000
0.32430000
0.32436000
0.32437000
0.32436000
0.32436000
0.32431000
0.32431000
0.32431000
0.32433000
0.32434000
0.32432000
0.32431000
0.32431000
0.32427000
0.32411000
0.32418000
0.32419000
0.32416000
0.32432000
0.32435000
0.32437000
0.32448000
0.32443000
0.32435000
0.32429000
0.32426000
0.32430000
0.32430000
0.32427000
0.32428000
0.32428000
0.32421000
0.32415000
0.32416000
0.32413000
0.32413000
0.32407000
0.32403000
0.32404000
0.32401000
0.32405000
0.32404000
0.32400000
0.32377000
0.32350000
0.32324000
0.32329000
0.32352000
0.32345000
0.32343000
0.32337000
0.32332000
0.32328000
0.32334000
0.32335000
0.32343000
0.32332000
0.32321000
0.32312000
0.32303000
0.32308000
0.32314000
0.32307000
0.32310000
0.32321000
0.32312000
0.32310000
0.32302000
0.32301000
0.32275000
0.32285000
0.32285000
0.32279000
0.32305000
0.32298000
0.32304000
0.32313000
0.32325000
0.32336000
0.32339000
0.32330000
0.32334000
0.32334000
0.32333000
0.32327000
0.32336000
0.32334000
0.32339000
0.32336000
0.32331000
0.32311000
0.32296000
0.32296000
0.32303000
0.32309000
0.32310000
0.32311000
0.32310000
0.32292000
0.32299000
0.32293000
0.32296000
0.32292000
0.32292000
0.32256000
0.32275000
0.32243000
0.32248000
0.32261000
0.32261000
0.32278000
0.32263000
0.32277000
0.32282000
0.32276000
0.32270000
0.32267000
0.32256000
0.32261000
0.32256000
0.32256000
0.32259000
0.32267000
0.32256000
0.32270000
0.32289000
0.32301000
0.32301000
0.32315000
0.32325000
0.32318000
0.32331000
0.32332000
0.32331000
0.32332000
0.32330000
0.32340000
0.32341000
0.32342000
0.32338000
0.32344000
0.32336000
0.32336000
0.32349000
0.32356000
0.32360000
0.32363000
0.32361000
0.32349000
0.32352000
0.32335000
0.32344000
0.32342000
0.32342000
0.32324000
0.32309000
0.32310000
0.32295000
0.32281000
0.32299000
0.32300000
0.32308000
0.32324000
0.32330000
0.32330000
0.32329000
0.32327000
0.32329000
0.32334000
0.32335000
0.32339000
0.32339000
0.32343000
0.32352000
0.32343000
0.32328000
0.32326000
0.32326000
0.32328000
0.32325000
0.32321000
0.32321000
0.32321000
0.32321000
0.32322000
0.32323000
0.32322000
0.32309000
0.32312000
0.32301000
0.32309000
0.32309000
0.32320000
0.32319000
0.32328000
0.32328000
0.32325000
0.32326000
0.32325000
0.32327000
0.32330000
0.32331000
0.32331000
0.32333000
0.32337000
0.32344000
0.32359000
0.32360000
0.32341000
0.32337000
0.32333000
0.32319000
0.32319000
0.32318000
0.32317000
0.32327000
0.32329000
0.32332000
0.32349000
0.32339000
0.32345000
0.32344000
0.32350000
0.32350000
0.32350000
0.32350000
0.32350000
0.32358000
0.32358000
0.32361000
0.32363000
0.32370000
0.32374000
0.32374000
0.32371000
0.32375000
0.32384000
0.32379000
0.32382000
0.32384000
0.32377000
0.32381000
0.32381000
0.32382000
0.32381000
0.32379000
0.32380000
0.32377000
0.32377000
0.32361000
0.32339000
0.32343000
0.32329000
0.32330000
0.32327000
0.32336000
0.32332000
0.32333000
0.32347000
0.32354000
0.32358000
0.32365000
0.32352000
0.32355000
0.32352000
0.32349000
0.32349000
0.32363000
0.32367000
0.32367000
0.32368000
0.32368000
0.32368000
0.32350000
0.32354000
0.32353000
0.32348000
0.32341000
0.32331000
0.32332000
0.32324000
0.32326000
0.32328000
0.32329000
0.32331000
0.32336000
0.32335000
0.32336000
0.32362000
0.32359000
0.32347000
0.32354000
0.32353000
0.32352000
0.32353000
0.32355000
0.32354000
0.32355000
0.32358000
0.32358000
0.32355000
0.32355000
0.32342000
0.32335000
0.32333000
0.32344000
0.32336000
0.32330000
0.32339000
0.32345000
0.32353000
0.32353000
0.32358000
0.32359000
0.32343000
0.32344000
0.32345000
0.32359000
0.32352000
0.32352000
0.32354000
0.32355000
0.32358000
0.32358000
0.32359000
0.32377000
0.32371000
0.32375000
0.32371000
0.32363000
0.32359000
0.32359000
0.32356000
0.32350000
0.32350000
0.32350000
0.32350000
0.32359000
0.32362000
0.32365000
0.32362000
0.32357000
0.32359000
0.32357000
0.32357000
0.32355000
0.32355000
0.32358000
0.32358000
0.32355000
0.32355000
0.32367000
0.32366000
0.32367000
0.32365000
0.32371000
0.32370000
0.32371000
0.32370000
0.32371000
0.32373000
0.32375000
0.32375000
0.32376000
0.32375000
0.32384000
0.32380000
0.32380000
0.32384000
0.32378000
0.32381000
0.32381000
0.32379000
0.32380000
0.32380000
0.32380000
0.32380000
0.32382000
0.32381000
0.32384000
0.32382000
0.32367000
0.32365000
0.32363000
0.32360000
0.32350000
0.32352000
0.32350000
0.32351000
0.32350000
0.32359000
0.32350000
0.32360000
0.32374000
0.32371000
0.32371000
0.32354000
0.32355000
0.32354000
0.32355000
0.32360000
0.32360000
0.32359000
0.32365000
0.32365000
0.32364000
0.32365000
0.32368000
0.32369000
0.32369000
0.32369000
0.32369000
0.32372000
0.32370000
0.32369000
0.32360000
0.32347000
0.32347000
0.32347000
0.32349000
0.32350000
0.32349000
0.32350000
0.32355000
0.32355000
0.32355000
0.32358000
0.32367000
0.32370000
0.32376000
0.32377000
0.32384000
0.32384000
0.32378000
0.32383000
0.32385000
0.32385000
0.32384000
0.32384000
0.32384000
0.32384000
0.32382000
0.32376000
0.32376000
0.32371000
0.32379000
0.32366000
0.32363000
0.32361000
0.32359000
0.32360000
0.32359000
0.32363000
0.32356000
0.32347000
0.32350000
0.32350000
0.32369000
0.32368000
0.32369000
0.32366000
0.32367000
0.32367000
0.32367000
0.32367000
0.32360000
0.32368000
0.32365000
0.32365000
0.32362000
0.32345000
0.32346000
0.32347000
0.32346000
0.32346000
0.32346000
0.32346000
0.32345000
0.32345000
0.32345000
0.32348000
0.32354000
0.32351000
0.32361000
0.32365000
0.32365000
0.32365000
0.32374000
0.32371000
0.32371000
0.32380000
0.32383000
0.32387000
0.32386000
0.32393000
0.32370000
0.32367000
0.32371000
0.32366000
0.32371000
0.32375000
0.32386000
0.32376000
0.32382000
0.32379000
0.32378000
0.32377000
0.32373000
0.32378000
0.32381000
0.32388000
0.32389000
0.32397000
0.32396000
0.32376000
0.32372000
0.32372000
0.32371000
0.32366000
0.32377000
0.32377000
0.32377000
0.32350000
0.32354000
0.32358000
0.32358000
0.32357000
0.32355000
0.32359000
0.32357000
0.32371000
0.32377000
0.32373000
0.32365000
0.32374000
0.32368000
0.32370000
0.32371000
0.32361000
0.32371000
0.32378000
0.32377000
0.32379000
0.32380000
0.32388000
0.32390000
0.32383000
0.32383000
0.32377000
0.32375000
0.32378000
0.32366000
0.32376000
0.32374000
0.32389000
0.32387000
0.32386000
0.32383000
0.32383000
0.32382000
0.32381000
0.32384000
0.32377000
0.32384000
0.32384000
0.32397000
0.32395000
0.32394000
0.32394000
0.32396000
0.32396000
0.32398000
0.32397000
0.32397000
0.32403000
0.32389000
0.32380000
0.32383000
0.32384000
0.32387000
0.32377000
0.32370000
0.32365000
0.32367000
0.32364000
0.32367000
0.32372000
0.32381000
0.32379000
0.32381000
0.32379000
0.32378000
0.32379000
0.32377000
0.32380000
0.32379000
0.32379000
0.32379000
0.32377000
0.32362000
0.32354000
0.32354000
0.32362000
0.32359000
0.32362000
0.32364000
0.32364000
0.32365000
0.32366000
0.32365000
0.32367000
0.32366000
0.32367000
0.32362000
0.32370000
0.32369000
0.32362000
0.32369000
0.32368000
0.32385000
0.32391000
0.32386000
0.32389000
0.32371000
0.32370000
0.32370000
0.32362000
0.32360000
0.32361000
0.32374000
0.32378000
0.32375000
0.32372000
0.32373000
0.32373000
0.32374000
0.32373000
0.32373000
0.32368000
0.32373000
0.32373000
0.32380000
0.32378000
0.32378000
0.32380000
0.32376000
0.32379000
0.32376000
0.32376000
0.32372000
0.32372000
0.32372000
0.32374000
0.32372000
0.32376000
0.32388000
0.32382000
0.32384000
0.32383000
0.32378000
0.32376000
0.32374000
0.32376000
0.32376000
0.32375000
0.32372000
0.32373000
0.32372000
0.32372000
0.32372000
0.32372000
0.32373000
0.32372000
0.32380000
0.32384000
0.32383000
0.32379000
0.32381000
0.32375000
0.32373000
0.32376000
0.32377000
0.32372000
0.32373000
0.32372000
0.32373000
0.32373000
0.32372000
0.32372000
0.32373000
0.32372000
0.32373000
0.32372000
0.32373000
0.32373000
0.32354000
0.32354000
0.32354000
0.32349000
0.32356000
0.32356000
0.32356000
0.32360000
0.32359000
0.32353000
0.32354000
0.32354000
0.32354000
0.32353000
0.32341000
0.32338000
0.32338000
0.32342000
0.32338000
0.32339000
0.32338000
0.32338000
0.32336000
0.32337000
0.32337000
0.32337000
0.32334000
0.32334000
0.32347000
0.32344000
0.32345000
0.32342000
0.32345000
0.32347000
0.32346000
0.32341000
0.32343000
0.32342000
0.32344000
0.32333000
0.32331000
0.32334000
0.32334000
0.32331000
0.32330000
0.32329000
0.32330000
0.32330000
0.32330000
0.32334000
0.32333000
0.32334000
0.32334000
0.32332000
0.32329000
0.32330000
0.32329000
0.32329000
0.32330000
0.32330000
0.32330000
0.32331000
0.32331000
0.32331000
0.32332000
0.32331000
0.32331000
0.32331000
0.32316000
0.32306000
0.32308000
0.32307000
0.32301000
0.32300000
0.32300000
0.32302000
0.32297000
0.32298000
0.32299000
0.32298000
0.32301000
0.32301000
0.32287000
0.32296000
0.32284000
0.32286000
0.32283000
0.32284000
0.32281000
0.32280000
0.32276000
0.32274000
0.32284000
0.32273000
0.32273000
0.32281000
0.32273000
0.32273000
0.32272000
0.32268000
0.32276000
0.32267000
0.32268000
0.32267000
0.32268000
0.32267000
0.32271000
0.32280000
0.32284000
0.32285000
0.32290000
0.32291000
0.32281000
0.32280000
0.32279000
0.32277000
0.32280000
0.32283000
0.32283000
0.32280000
0.32282000
0.32286000
0.32286000
0.32299000
0.32306000
0.32304000
0.32307000
0.32305000
0.32288000
0.32289000
0.32290000
0.32292000
0.32296000
0.32294000
0.32293000
0.32277000
0.32276000
0.32282000
0.32285000
0.32281000
0.32281000
0.32283000
0.32291000
0.32279000
0.32276000
0.32255000
0.32252000
0.32264000
0.32265000
0.32256000
0.32256000
0.32252000
0.32254000
0.32255000
0.32255000
0.32267000
0.32265000
0.32269000
0.32275000
0.32288000
0.32281000
0.32282000
0.32295000
0.32295000
0.32295000
0.32298000
0.32296000
0.32305000
0.32311000
0.32317000
0.32314000
0.32309000
0.32305000
0.32305000
0.32304000
0.32306000
0.32313000
0.32304000
0.32314000
0.32310000
0.32309000
0.32308000
0.32311000
0.32311000
0.32313000
0.32316000
0.32318000
0.32321000
0.32327000
0.32329000
0.32330000
0.32336000
0.32337000
0.32327000
0.32318000
0.32318000
0.32318000
0.32318000
0.32317000
0.32320000
0.32296000
0.32285000
0.32298000
0.32305000
0.32289000
0.32263000
0.32263000
0.32245000
0.32213000
0.32193000
0.32232000
0.32233000
0.32224000
0.32214000
0.32229000
0.32232000
0.32237000
0.32244000
0.32233000
0.32226000
0.32226000
0.32222000
0.32207000
0.32224000
0.32232000
0.32232000
0.32224000
0.32228000
0.32223000
0.32215000
0.32201000
0.32200000
0.32173000
0.32196000
0.32213000
0.32215000
0.32208000
0.32203000
0.32216000
0.32206000
0.32205000
0.32199000
0.32205000
0.32192000
0.32208000
0.32216000
0.32204000
0.32204000
0.32197000
0.32196000
0.32190000
0.32187000
0.32181000
0.32187000
0.32213000
0.32222000
0.32220000
0.32260000
0.32233000
0.32236000
0.32220000
0.32222000
0.32226000
0.32220000
0.32227000
0.32228000
0.32239000
0.32252000
0.32260000
0.32247000
0.32235000
0.32234000
0.32234000
0.32243000
0.32233000
0.32232000
0.32234000
0.32247000
0.32247000
0.32249000
0.32250000
0.32253000
0.32277000
0.32278000
0.32278000
0.32265000
0.32280000
0.32276000
0.32267000
0.32275000
0.32265000
0.32266000
0.32247000
0.32250000
0.32251000
0.32266000
0.32277000
0.32271000
0.32267000
0.32255000
0.32257000
0.32256000
0.32257000
0.32257000
0.32258000
0.32258000
0.32250000
0.32247000
0.32240000
0.32240000
0.32250000
0.32245000
0.32251000
0.32251000
0.32251000
0.32251000
0.32258000
0.32260000
0.32262000
0.32260000
0.32259000
0.32259000
0.32259000
0.32261000
0.32264000
0.32272000
0.32276000
0.32276000
0.32269000
0.32270000
0.32270000
0.32256000
0.32251000
0.32251000
0.32236000
0.32232000
0.32242000
0.32239000
0.32225000
0.32230000
0.32228000
0.32229000
0.32231000
0.32231000
0.32232000
0.32235000
0.32248000
0.32258000
0.32255000
0.32254000
0.32261000
0.32260000
0.32266000
0.32262000
0.32265000
0.32265000
0.32265000
0.32247000
0.32239000
0.32237000
0.32234000
0.32234000
0.32240000
0.32247000
0.32250000
0.32251000
0.32248000
0.32248000
0.32248000
0.32248000
0.32249000
0.32258000
0.32269000
0.32260000
0.32256000
0.32257000
0.32257000
0.32271000
0.32267000
0.32270000
0.32270000
0.32269000
0.32274000
0.32266000
0.32260000
0.32263000
0.32268000
0.32255000
0.32252000
0.32253000
0.32240000
0.32255000
0.32267000
0.32264000
0.32265000
0.32264000
0.32265000
0.32265000
0.32262000
0.32262000
0.32263000
0.32263000
0.32257000
0.32260000
0.32257000
0.32257000
0.32257000
0.32261000
0.32261000
0.32275000
0.32277000
0.32276000
0.32274000
0.32277000
0.32277000
0.32277000
0.32277000
0.32277000
0.32276000
0.32276000
0.32276000
0.32319000
0.32317000
0.32309000
0.32310000
0.32309000
0.32317000
0.32316000
0.32320000
0.32322000
0.32317000
0.32316000
0.32321000
0.32335000
0.32335000
0.32319000
0.32327000
0.32326000
0.32328000
0.32329000
0.32329000
0.32333000
0.32325000
0.32324000
0.32324000
0.32320000
0.32321000
0.32322000
0.32315000
0.32312000
0.32311000
0.32311000
0.32310000
0.32311000
0.32310000
0.32307000
0.32280000
0.32278000
0.32268000
0.32268000
0.32270000
0.32269000
0.32269000
0.32253000
0.32252000
0.32262000
0.32273000
0.32273000
0.32273000
0.32276000
0.32277000
0.32275000
0.32273000
0.32273000
0.32255000
0.32252000
0.32251000
0.32252000
0.32252000
0.32251000
0.32251000
0.32250000
0.32250000
0.32248000
0.32259000
0.32260000
0.32260000
0.32259000
0.32259000
0.32267000
0.32267000
0.32269000
0.32273000
0.32276000
0.32276000
0.32277000
0.32276000
0.32276000
0.32277000
0.32276000
0.32276000
0.32286000
0.32282000
0.32283000
0.32269000
0.32252000
0.32246000
0.32243000
0.32227000
0.32228000
0.32228000
0.32236000
0.32239000
0.32239000
0.32255000
0.32260000
0.32259000
0.32258000
0.32255000
0.32269000
0.32273000
0.32274000
0.32279000
0.32265000
0.32266000
0.32266000
0.32266000
0.32266000
0.32267000
0.32267000
0.32258000
0.32249000
0.32238000
0.32237000
0.32226000
0.32232000
0.32237000
0.32238000
0.32259000
0.32271000
0.32274000
0.32269000
0.32268000
0.32265000
0.32263000
0.32260000
0.32264000
0.32274000
0.32302000
0.32296000
0.32299000
0.32301000
0.32302000
0.32302000
0.32321000
0.32321000
0.32313000
0.32306000
0.32305000
0.32304000
0.32295000
0.32296000
0.32296000
0.32302000
0.32299000
0.32301000
0.32304000
0.32309000
0.32309000
0.32309000
0.32304000
0.32301000
0.32300000
0.32300000
0.32305000
0.32307000
0.32308000
0.32295000
0.32280000
0.32281000
0.32281000
0.32282000
0.32278000
0.32275000
0.32275000
0.32272000
0.32275000
0.32274000
0.32268000
0.32266000
0.32269000
0.32271000
0.32281000
0.32271000
0.32275000
0.32271000
0.32270000
0.32269000
0.32270000
0.32259000
0.32255000
0.32254000
0.32244000
0.32245000
0.32245000
0.32245000
0.32244000
0.32255000
0.32256000
0.32257000
0.32261000
0.32262000
0.32263000
0.32265000
0.32264000
0.32265000
0.32265000
0.32266000
0.32266000
0.32266000
0.32266000
0.32266000
0.32265000
0.32266000
0.32266000
0.32266000
0.32265000
0.32265000
0.32266000
0.32265000
0.32266000
0.32265000
0.32262000
0.32251000
0.32250000
0.32246000
0.32246000
0.32245000
0.32245000
0.32258000
0.32258000
0.32261000
0.32259000
0.32255000
0.32260000
0.32259000
0.32259000
0.32258000
0.32258000
0.32258000
0.32259000
0.32259000
0.32259000
0.32244000
0.32244000
0.32244000
0.32243000
0.32238000
0.32242000
0.32239000
0.32241000
0.32241000
0.32245000
0.32244000
0.32244000
0.32243000
0.32244000
0.32242000
0.32242000
0.32245000
0.32243000
0.32243000
0.32242000
0.32244000
0.32245000
0.32245000
0.32259000
0.32260000
0.32260000
0.32260000
0.32260000
0.32257000
0.32252000
0.32253000
0.32254000
0.32253000
0.32253000
0.32260000
0.32262000
0.32262000
0.32264000
0.32264000
0.32265000
0.32270000
0.32270000
0.32271000
0.32270000
0.32270000
0.32270000
0.32270000
0.32270000
0.32266000
0.32259000
0.32259000
0.32269000
0.32271000
0.32276000
0.32284000
0.32288000
0.32291000
0.32291000
0.32293000
0.32294000
0.32295000
0.32298000
0.32290000
0.32288000
0.32282000
0.32281000
0.32283000
0.32288000
0.32288000
0.32288000
0.32288000
0.32288000
0.32288000
0.32288000
0.32284000
0.32277000
0.32274000
0.32271000
0.32271000
0.32275000
0.32283000
0.32292000
0.32303000
0.32303000
0.32300000
0.32300000
0.32300000
0.32301000
0.32300000
0.32301000
0.32301000
0.32306000
0.32306000
0.32314000
0.32314000
0.32314000
0.32316000
0.32314000
0.32314000
0.32300000
0.32301000
0.32294000
0.32292000
0.32292000
0.32291000
0.32288000
0.32289000
0.32291000
0.32292000
0.32292000
0.32297000
0.32296000
0.32297000
0.32296000
0.32295000
0.32295000
0.32291000
0.32285000
0.32280000
0.32281000
0.32280000
0.32276000
0.32276000
0.32275000
0.32273000
0.32274000
0.32296000
0.32298000
0.32298000
0.32299000
0.32299000
0.32299000
0.32300000
0.32300000
0.32300000
0.32299000
0.32293000
0.32290000
0.32291000
0.32297000
0.32298000
0.32298000
0.32299000
0.32299000
0.32299000
0.32298000
0.32291000
0.32296000
0.32297000
0.32304000
0.32301000
0.32300000
0.32299000
0.32296000
0.32300000
0.32298000
0.32306000
0.32306000
0.32304000
0.32306000
0.32305000
0.32302000
0.32301000
0.32302000
0.32303000
0.32302000
0.32303000
0.32304000
0.32303000
0.32304000
0.32303000
0.32303000
0.32303000
0.32305000
0.32306000
0.32306000
0.32305000
0.32307000
0.32307000
0.32308000
0.32317000
0.32316000
0.32317000
0.32316000
0.32316000
0.32317000
0.32317000
0.32314000
0.32314000
0.32312000
0.32313000
0.32312000
0.32312000
0.32312000
0.32312000
0.32333000
0.32333000
0.32344000
0.32348000
0.32322000
0.32322000
0.32320000
0.32312000
0.32313000
0.32313000
0.32316000
0.32319000
0.32318000
0.32319000
0.32327000
0.32326000
0.32327000
0.32328000
0.32328000
0.32329000
0.32328000
0.32329000
0.32326000
0.32329000
0.32308000
0.32306000
0.32304000
0.32302000
0.32304000
0.32300000
0.32300000
0.32299000
0.32300000
0.32300000
0.32299000
0.32300000
0.32302000
0.32302000
0.32301000
0.32302000
0.32312000
0.32312000
0.32312000
0.32312000
0.32310000
0.32310000
0.32310000
0.32310000
0.32302000
0.32292000
0.32289000
0.32287000
0.32287000
0.32288000
0.32268000
0.32281000
0.32281000
0.32281000
0.32282000
0.32283000
0.32281000
0.32289000
0.32288000
0.32294000
0.32281000
0.32282000
0.32281000
0.32275000
0.32275000
0.32275000
0.32282000
0.32294000
0.32301000
0.32317000
0.32334000
0.32380000
0.32445000
0.32407000
0.32429000
0.32475000
0.32508000
0.32507000
0.32532000
0.32519000
0.32487000
0.32517000
0.32523000
0.32520000
0.32521000
0.32514000
0.32483000
0.32464000
0.32453000
0.32455000
0.32450000
0.32461000
0.32495000
0.32498000
0.32542000
0.32493000
0.32505000
0.32536000
0.32560000
0.32584000
0.32600000
0.32620000
0.32585000
0.32566000
0.32570000
0.32589000
0.32595000
0.32599000
0.32615000
0.32600000
0.32631000
0.32601000
0.32590000
0.32590000
0.32578000
0.32575000
0.32576000
0.32578000
0.32563000
0.32580000
0.32584000
0.32605000
0.32582000
0.32569000
0.32562000
0.32524000
0.32529000
0.32502000
0.32468000
0.32440000
0.32432000
0.32450000
0.32453000
0.32468000
0.32455000
0.32454000
0.32460000
0.32443000
0.32443000
0.32441000
0.32452000
0.32453000
0.32453000
0.32447000
0.32405000
0.32406000
0.32421000
0.32439000
0.32431000
0.32432000
0.32439000
0.32464000
0.32474000
0.32474000
0.32464000
0.32464000
0.32463000
0.32455000
0.32464000
0.32457000
0.32447000
0.32447000
0.32449000
0.32431000
0.32425000
0.32427000
0.32407000
0.32413000
0.32402000
0.32410000
0.32409000
0.32413000
0.32434000
0.32435000
0.32434000
0.32430000
0.32430000
0.32435000
0.32432000
0.32420000
0.32421000
0.32405000
0.32414000
0.32417000
0.32432000
0.32445000
0.32442000
0.32441000
0.32442000
0.32443000
0.32443000
0.32446000
0.32449000
0.32473000
0.32478000
0.32470000
0.32471000
0.32474000
0.32475000
0.32474000
0.32474000
0.32466000
0.32446000
0.32439000
0.32439000
0.32439000
0.32446000
0.32425000
0.32412000
0.32410000
0.32411000
0.32410000
0.32410000
0.32411000
0.32410000
0.32410000
0.32410000
0.32386000
0.32387000
0.32393000
0.32389000
0.32391000
0.32386000
0.32391000
0.32399000
0.32393000
0.32385000
0.32371000
0.32367000
0.32375000
0.32371000
0.32364000
0.32373000
0.32361000
0.32356000
0.32356000
0.32354000
0.32356000
0.32361000
0.32361000
0.32356000
0.32388000
0.32413000
0.32414000
0.32406000
0.32398000
0.32399000
0.32401000
0.32392000
0.32400000
0.32380000
0.32396000
0.32403000
0.32421000
0.32422000
0.32425000
0.32422000
0.32437000
0.32436000
0.32436000
0.32431000
0.32428000
0.32428000
0.32430000
0.32426000
0.32429000
0.32419000
0.32407000
0.32387000
0.32398000
0.32388000
0.32390000
0.32389000
0.32390000
0.32387000
0.32390000
0.32386000
0.32388000
0.32391000
0.32393000
0.32389000
0.32381000
0.32383000
0.32383000
0.32361000
0.32360000
0.32354000
0.32354000
0.32351000
0.32354000
0.32350000
0.32368000
0.32383000
0.32381000
0.32376000
0.32372000
0.32386000
0.32387000
0.32372000
0.32369000
0.32370000
0.32381000
0.32375000
0.32379000
0.32382000
0.32391000
0.32391000
0.32382000
0.32382000
0.32370000
0.32370000
0.32371000
0.32371000
0.32375000
0.32385000
0.32396000
0.32395000
0.32399000
0.32399000
0.32400000
0.32400000
0.32404000
0.32411000
0.32391000
0.32386000
0.32385000
0.32386000
0.32385000
0.32386000
0.32390000
0.32390000
0.32392000
0.32388000
0.32389000
0.32389000
0.32390000
0.32404000
0.32404000
0.32397000
0.32398000
0.32397000
0.32397000
0.32397000
0.32397000
0.32398000
0.32397000
0.32398000
